$ANSIBLE_VAULT;1.1;AES256
37616231653963623733666637396164643063636132376337336537356334376636663265643232
6432363166376362623530356436386466343364663936390a613064653833323966623066343266
66343933306666623930373231393362646466616563356364323636336632306665643161656533
3065626234386131390a336530356561323036343835373835323433393337343862353930326661
30646237653832396435343439346233653831653039636639323862663263306239646565616663
34313930613363643330613462346333643338363437356364356430323639316431343532613537
64373332616530363964393063313832653430303239306236636534383839383764363336383461
63613730653265306435353632623063333634656561336334616563613365643139303164656233
61323338376531623235376666393264343139326261333564613637663366363361376266396435
30363933383034656163326262643235396632306638313235303437336265633461313963653336
37383239396331626336333130316630633563653366303664646130366634623762646136303064
63656235616332333561383065393465323830393034383339346563386166323434396537623839
37653532306665386537383638386636623330346230616236613537326139646665333539373462
63653337663432366263323165386237386338643633356439366266353037386634326138333832
33336136656663663131303932646632613638656630656531343032316663323465373434643632
33393466643535343361666266396131393164303666653335663263616434616466303835646538
66316233626462666235616135343532623137326635343265383435313330396237353234303565
30643738396163623062656362646635613434656232393563653662656531323961653462396235
33333539633935363030383366346333383335623661663234643561306537396365373766656234
37353565326135653137393038333739653362656564343132616630333962353430653566633763
35643539343835613336366431376161663133363533656337373234626532323266323839303764
61366638653233313563316165396262633735313030316264643966376165643730356237353661
62393931633935633730613561306363656139366662613237343162373437373734626435663934
61333630653765383231623761653332666666383931353330656235383261383530386435333132
38653939326235643066343764363531356433396365376234643430616362303431326638653033
61646239653235376534323336393030616630643435626430353365333039396465623435303663
65383133316163383339663137343230646130303165363061663032323433383735373664346361
31633739326536356163303764356136323537343933356137393432346330313966386133333865
66346164393533623136613465626234383866653761323632643164626436393664626164326636
66653434323839326434353561653631633236643362363438613961316137663036373133633932
64303531393835343037326637653330306561303537373866616666313462376139653262623234
33333737306132663334633435626666646135303662633134323830366662363632343766383839
30306661626666303333333932643561353264313132653539353235303737306262656465393936
35626662303566376133393937626230336661373163373564353663316331343662326138633461
38633132613632336434616138356133643662356332353966333736323432643639646334663932
38366237623436313035396232353066373233633032636539326464656230333462626434626538
65343663306536643661633863353265616435313336396630613234383631383965643836653134
39623061363331323531333936343063343161333239666639366565303863623333353434613536
36383235393832613663353763353439653439303539373135643831383564313236373464363966
35653866613863333761393330316435636561306335343462633137366530316533613537623631
37383462623638383430343864396238653164643564663535303665636666376533653837303336
66306137663939303231313037343035323632376430356333653039623464366662366335343738
34363232323737663564373336393032643633636439343862363563346435353433313335323934
64393665393762376463333966316635383439303730303831383533306537653962353966663939
30343562363561323732393339333762346533363039636437393536626339343730663636656536
30373463356565393863323864316538376532336535393361346665363062323737643965643839
66356432373238353062646461613530616362633135626538626236306132336464666266663030
37373538653561306164316530623532663663313766386631653533393530373662313265316463
63373933663161653330373939353764326165633136633632353731313432616665643532323332
62316439313838363532343266313638396337386531653433663033613262363937313561666162
37626237366265633566343461646165376236323136353838643132383834393838383138646134
32646235353732303863653063313765653130636265353930366438356130323732633131643135
61613632636564313264313964393763333663613638333936373262386238653231343362663537
62303133656263343264376337373035373532303432633237646537613034323931346465613165
65663532376632376366313162623365616331383366333861386430646637303566653161666466
31626337653635363266653164623638626131633832643434343164613737363336383464353736
66376236646237373531616565613130386161376330633232363538663839303636373130626661
61623932643132326263393263366233633366656337393430353135323130393431316337626264
61613030316465393862666363343139343163326664353564626232613030373836393161623363
32326263343839386362343037633634376662613264383563356131343362633732623831653565
62396634666463363136336331386166353533373439376634326662626530626239643332313361
65393630333362663830383137623965623130393366636166633339383038396536313663663233
30666232366331396136393763636564343766323562313966646233653739336130666631336330
63636266306366326566616361336261663665393764373139386230333737303735323462303364
35353765373533306331643233316661343431643339633766363162363566613463316639373537
32336631363361303135343635306463343934636463383264386366663430363832636631356262
33636134383662313630356663363734313831303535323139623066386234306230666131306334
38306632613835613131336262366139646664316536633632343538323534303733636135343832
34653232363434376237383666613032393635353461393533626430646236366362373433363834
33663337656531646264623235343836613638303764373564333435643964356264326265656163
64643430383938383631343962336266346239623333346337326131356639383035633734613061
30643464626661613630353731626631313830313133313566636337663766306665393965386631
39633633353538653863346666613261643865613666303935396565313834616164363930616433
38383336363034623334356433343364333864646362316430316138343034633837323466303366
66316163653333613334393136333630613962623135383239383535333233346532633434343763
61376635356134303965393835323735386637353035333433636261613165313432326539633137
30373561613432616137353034313235646266623637616439366562386631373464633765626230
36633533626564613266396565373936656131393761393430353637383761636332356231643938
30363337636235653162343964303163306134633535616361383664383234386264653936373665
31323463333965306263376231613136376363663332313630313561636262396132316266663631
31393532383631323331326432373963613362363836366639356232623861333566303063333539
65336634633637623334316166386637346236363864633932313733396364386365316131303431
38636438356233393166393135306630383633353064653663663166376436663233623836393634
37663664393465396336343466323464363338623461356432383239366135313137663666373236
34336138643965613366666233643337326234363965346131643334353037653466626531323861
32303032616363323037316662623964613861343930373633373261636465353938623265356332
33383232326661316566636335313165656434363135363631376665343539393032666633326663
65383063366636313737343737623632656362303264636438316131363165396266316638356633
62373237663435313333633864346630356531356533396438366463316339336332373263636364
36353136636339396261336538663230666164633937643736393635346266336639356335306163
65363539393465303833316430666362343739643164336438306261373137376565643532363563
32303633623030373161383762663437366230316333366533633163316462636263336537346263
37396537623430636139393862643839316136363762653631646232616365386635653232393263
37383665343536343963383161376638373637306430313834323733316639373564393436303434
33346366323965653363373163646366316361306237663238616632623132363636663563653662
61323032316434333337393334626438373032386437623339636336656162616537353332373136
65336437623031306639386131313531383335316237393436376664336131316530393236666266
31316439376532643966373331366264646330373861366366343237393063623862373031383332
65313164626138363066656137313037666235373030633064336432623363636165373264393833
37366465313365393633656237643239316532663261326532363763356332366533363036363730
39303864333866346637303762353361323465303638343737393636306461313632353230396666
64316361303635373837306633633163356666663639633738346563336135623934373963653037
30343862376563633165326632316535323230613964323831623830326263373165633532393361
62643731623438356665613536373763333638376438383431323765616339393838663766336130
62646638373930363365393662386232376135323937363136393235623033613431346664333435
63313633646330303961393034393032306461363439633536313039626233313566393131633633
36636431373137393063333736626136356332393934326130653732306635626561623532376238
64303135386366663266373464366661303662663565616463366666613964306231313737396139
37356265643235663065343365333730376236653837393033333738386135343861663164633163
39356665326163353561666361326230396135613633303161613066383835313131643132376664
35303765613131303561396562626338376562653531393063613235323262643935383039396636
61633165373239396633336634366461643663386235316663653266333264663061646530613130
34353334343637363162393866653466346131313838623936613133666465663334313632343061
62393261326262323530383539653933303139353937646131366438656264303263663130326630
64346331656532626261653336633864353938366137613835346637663632636138346637643830
65366131386531393263626461663063656364346234663662626461303764323463323961353931
63323337313338303230653633636434366363383732353131616266363465633633386537373866
39323661636536376432306639616339613765303963353262353439353563666639343565613061
39386264363936643335633337313235663932306334633264653430303439386433346337663832
61393164616561326265636630336462666665353863343934303234353930353662636235643433
31323066323736633565376234393838313334326535613638343639343931383435323662616139
33653163633461396532346366626636396266653831396432326336616530383038306536376630
39316666653539336337376366356631623664393566396430373664666666373331353333373236
65643539333132383335323464643161343636623138323435633538633665363761636336663936
65303062363433383764623764663034366634623263353433646231626137623730646635326134
32316165303031303231613931333330313433623238346162316631366237383937306435333439
35386333373233663036316634343037306632393132303530356632616563643732316266336236
36336664353862303435373636613265636438306334653830623032356166656437633564643164
36363832333264306632616637303762633835616265616165633064613730623161376563376666
32313838636133396465663330653931633666303163653237313962393835393634313863363837
36636437396262363739643133333237333336323635323338663966376238376463626564373036
39363837626634363638396337626430356231393631636537643036623534653039353431363632
66643736306165343131666439633334616235656230396132653563303731656336626338323337
66643836343031666261616361386364343163303232383965343031653536633636646331636636
36626437643465643863323163363630383333373837663864643764646531386432383937613962
63626535616130343438646164626166353464376433636233366463396439383936613537616130
62373135616433666333356638623537613030383830623133656466666631343834356536656636
38353430373261646464613531323065366134353532366239353538666632316163373932336537
64316136353439346530306164393265623262623166346133313639653339643061653339313862
64343038336435616238346363383665613463343062653934623364313230313530393335373630
33396663633633623230306639353939343438356233343135643963373065396363366330633133
31313431653064623537653331623738363464623537353765313634646235373066336135643062
65613235386437383838306434623731623131323638393734616438373266623561656338613830
38656562363339643133323134333534623732376439356438643566643335313231326465613933
31343763323364666637343536643934393562316136393430316236643134353832326237336663
38626462333662343462303863393631396234613666326236636531306630313835393339666162
38613439383537343735386533306639663336343639653364306536636165386432613334646536
31633839363364623934666263303530336438303934616439396439306330363432363565643936
64633265643337666165313665306434373337373865623661663831306430666639373430306666
38663634363632633535633036313632646364393838346437663132646564663233393839323931
37623232616666396435623834633536633837656636653235353939643661323636396461396531
65323236393830653463376630393733656664336438303432346661336433386431313765623339
35363864373230623538626661376136353935323233373866393364336130326138303436383062
34343066616630333836333133653630643463353639386364613565633461393565323265363934
66636338376563343235323836313038633839383064356331613132393061303366663965633737
34303937663536363139383132393765393161366139623833323939346637623331663662636136
66366130373266306433646137313862633961643462663034336361373837373231663361666563
65643764303537616566386664306361313833633734353833653939343437626638393665623639
34613232633334393830393164373136326336343035323532623139313264313831343635663237
37393933323133306264656637346538613134346437383538333932666661313865343863633033
62396531363238636363363939663963636438303161343131323433646366343534623335656166
32393437613765633035316133393265656361626230623362363365306632373434653661336136
33656435353465396431353038313036336364333734643536663265636335353431613836616135
62326165643436346464366266336661373038303765303436393531363536333562393232336235
39633630636435643364636265643634666663383966373436313932396635353233613062663032
34613065373966636230373730643862666331366530383064643435326632613562373030636164
64623030336563626630363763313335376164343531653361386365306433383832623937636633
62303636316230636639383262313132656263336266663634623730663039383763396432356236
39616266623435626332386234656566643834393261393263643235303963363437666166303036
30323733646134396433386339626565376163656338343162653061643931343339393066623161
37393030636366663839623234303832613161663732323039323234303938343765353561313537
31363464393363646466646630363563323336303033643536333665316437333438393130613233
39653639383935616666363765623439396430663439633136346239346563396439656438323038
35643136626433356161636634346238613934346261613834666535386330623761643537643134
64353462666562346661303130316630306337343763353632623931356235396365633835303134
39323830653533633838346330376432643635626135376139626234396533633631356664643738
62666535653964333965366566613034393833363461323263323761613433353637663631366661
64393536653539356161383961336433633837333634623163333163353635373962633730643763
32653033353466306630356166633332633235626161636138313966643062656133336437616336
32356135386433626362636262353337656630323838636238343763303861303034383438386564
65643031383539303562313430373238393365336565663139633632616136333131633636396133
62653565393062353737363662373764643736306564306461336461616535393636353131373461
37613431386564373266383931626338643531343664306330643861656361383133306532323931
34633230343565623164373435303830376634373534353634653536373030343236383031396336
64313462326135356537633266386630656134393165333930636236636131363162666435343336
31663233353533663839666331656132653737353865333932666432333932303561636461373238
38663637643337636433303264386162333739393162313932303537356635616464613161383763
65323136346563643538333531396137616539643664626266313733656261323933623237313732
35383133656633323730323837666430366135343539646535666462323537346134376536316432
66383832306133303961306461666133396436613934376134336166333039613437353062353630
64366534616538366335663038656563373532303161366138636134633766313062326630613963
31633532323732336439393036313239393336646261343461636363623838313865646339323730
35396133353861663434313065663862613633316231333336656433373134646632353430343461
32663164656334626665323833646665373735366164323139393938653034646538306134303337
39613439373162333433366164376136633635383137346166336532386161383364353238393066
66356333613831663465626633626439393632616236366138353864336531336230333038356162
62393064373139626539393139373932373166343761336632393935316537383438373064636332
35313435363662336663613031393430303234353632333666356239663664616535656564363432
32646666353136376166626164656338623364393936626265346361313666373363646263383264
65623030313130356165346639656238653030666132373732336464343161383464616631616639
30623536343466366663663530646632613234666163366637373332613531653839633238656631
37613632653234616436303337336439373831616266323730636130663233363030626334363962
32396534323139366261663636376239323132343636653065633461373035343932636162356439
37663264663564333232333031646435643061353866353131306132653831386662376339363166
35653233613363323264326233323038626136353861623035323136633437623530646333653130
38363639363332343538636563333535373130383762313838326434376133313765333333613764
37393037613863643336373566626566666233653534613734313838613232376336323464356437
35616434613632653766666331633464326463343965326432636234666332343463333333306433
66386236643131323963633932356339663231306265316434356362353437616239656335643066
64326230323636363364363266363063613531643631623633326462666166363763633530656166
62333830353164346236373638376538363365643263616635646566386562336137383133353565
31623435376133633736636464386165323364623865656435333965363032383962323033323566
32666664386563326266336661313339656163343262666433643132336563356230336533333464
64393731346634366330666432613362373861653563636130363666653435613630383135333337
38656330663763386232616638633837393132366138656266373339393564363531363663356162
64313839386635383565303461313864396439366262643135303063356532316630333333303461
33303565333963386636353237366463393262623532623063313263623162636533616436646463
65383166623061653834343738323437373235306134633935393732353364366237353464653238
37316564666361633864313033356633323134343837643737663066653563313236343861383833
38636131396335353738663464643766616237386464356333373339353234666239613462663062
3639
